0,1,2,3,4,5,6,7,8,9,10,11,12,13,14,15,class
5.6492467,0.0,0.3003138,1.8785224,0.0,5.3971357,3.890727,0.0,0.0,0.0,0.0,0.0,0.0,0.0,0.0,0.0,0
1.0117586,0.0,1.5267949,0.0,0.0,4.0555162,2.3347206,0.0,0.0,0.0,0.0,0.0,0.0,0.0,0.0,0.0,0
9.508787,0.0,4.7158,2.33442,0.0,2.6992028,1.5369449,0.0,0.0,0.0,0.0,0.0,0.0,0.0,0.0,0.0,0
30.355972,0.0,52.78078,0.0,0.0,32.310036,0.0,0.0,0.0,0.0,0.0,0.0,0.0,0.0,0.50153536,0.0,0
0.0,0.0,0.0,0.0,0.0,0.0,0.0,0.0,0.0,0.0,0.0,0.0,0.0,0.0,0.0,0.0,0
9.13717,0.0,0.0,1.4893447,0.34008873,5.465666,4.5390143,0.0,0.0,0.0,0.0,0.0,0.0,0.0,0.0,0.0,0
5.8904233,0.8084096,2.1335068,0.58317894,0.0,2.7223845,2.263764,0.0,0.0,0.0,0.0,0.0,0.0,0.0,0.0,0.0,0
9.892403,0.0,5.727231,2.2651503,0.0,6.5880632,3.6554875,0.0,0.0,0.0,0.0,0.0,0.0,0.0,0.0,0.0,0
5.660485,0.0,1.4293143,0.29644236,0.0,4.5166483,3.0622053,0.0,0.0,0.0,0.0,0.0,0.0,0.0,0.0,0.0,0
5.4609375,0.0,1.0483224,0.5662141,0.49982512,5.8941164,2.9181228,0.0,0.0,0.0,0.0,0.0,0.0,0.0,0.0,0.0,0
4.496905,0.0,2.6274955,0.62519324,0.0,5.3134604,2.5299487,0.0,0.0,0.0,0.0,0.0,0.0,0.0,0.0,0.0,0
7.209115,0.0,2.1826744,1.3942565,0.0,5.5435314,2.9920983,0.0,0.0,0.0,0.0,0.0,0.0,0.0,0.0,0.0,0
5.7712283,0.0,3.0498667,0.44485387,0.0,4.7276273,4.3914685,0.0,0.0,0.0,0.0,0.0,0.0,0.0,0.0,0.0,0
2.2976425,0.0,4.0462956,0.0,0.0,4.184818,1.6161612,0.0,0.0,0.0,0.0,0.0,0.0,0.0,1.0042065,0.0,0
8.284246,0.0,2.1774163,0.31105277,0.0,6.965725,3.2080545,0.0,0.0,0.0,0.0,0.0,0.0,0.0,0.0,0.0,0
5.701985,0.0,1.1879272,0.3533171,0.0,1.018738,3.1350293,0.0,0.0,0.0,0.0,0.0,0.0,0.0,0.0,0.0,0
2.8872485,0.0,0.0,0.6319612,0.0,0.0,1.0485181,0.0,0.0,0.0,0.0,0.0,0.0,0.0,1.9677716,0.0,0
4.121085,1.2283034,2.9488358,0.07973145,0.0,0.0,2.3547933,0.0,0.0,0.0,0.0,0.0,0.0,0.0,0.80275,0.0,0
6.2673774,0.0,0.80305064,1.6438789,0.3448308,3.988939,3.3593998,0.0,0.0,0.0,0.0,0.0,0.0,0.0,0.0,0.0,0
8.114674,0.19827224,3.7159867,1.8207394,0.0,2.767718,3.5264733,0.0,0.0,0.0,0.0,0.0,0.0,0.0,0.0,0.0,0
2.6370547,0.0,1.9784067,1.182757,0.0,2.6409953,1.7201806,0.0,0.0,0.0,0.0,0.0,0.0,0.0,0.008553689,0.0,0
5.0705223,0.0,1.669967,1.6160499,0.0,4.7294407,3.6693203,0.0,0.0,0.0,0.0,0.0,0.0,0.0,0.0,0.0,0
0.1442683,0.0,0.0,0.14573316,0.0,1.6979343,0.96675813,0.0,0.0,0.0,0.0,0.0,0.0,0.0,0.0,0.0,0
9.365116,0.6887877,4.6287384,0.0,0.0,3.2644548,3.1631122,0.0,0.0,0.0,0.0,0.0,0.0,0.0,0.17518938,0.0,0
8.092283,0.0,1.5684288,1.5422312,0.0,4.8445225,3.7398067,0.0,0.0,0.0,0.0,0.0,0.0,0.0,0.0,0.0,0
0.20318326,0.0,2.1042728,0.0,0.0,1.1243029,0.73220074,0.0,0.0,0.0,0.0,0.0,0.0,0.0,0.10325516,0.0,0
4.0262923,0.0,0.9860429,0.85110676,0.0,4.2737064,2.9682322,0.0,0.0,0.0,0.0,0.0,0.0,0.0,0.0,0.0,0
4.157486,0.0,1.2835622,0.0,0.0,0.66061556,2.2907538,0.0,0.0,0.0,0.0,0.0,0.0,0.0,0.0,0.0,0
7.226578,0.0,2.9721189,1.2417461,0.0,3.7467794,2.5495963,0.0,0.0,0.0,0.0,0.0,0.0,0.0,0.7667231,0.0,0
6.623207,0.0,6.09111,0.0,0.0,1.3492802,3.5375504,0.0,0.0,0.0,0.0,0.0,0.0,0.0,1.3776965,0.0,0
5.3592086,0.0,1.5321614,1.5682443,0.0,3.8351362,3.002891,0.0,0.0,0.0,0.0,0.0,0.0,0.0,0.0,0.0,0
1.4076318,0.0,0.0,0.0,0.0,0.0,0.14643227,0.0,0.0,0.0,0.0,0.0,0.0,0.0,0.0,0.0,0
3.4266384,0.0,0.0,0.18644641,0.06433319,4.080967,2.4201732,0.0,0.0,0.0,0.0,0.0,0.0,0.0,0.0,0.0,0
1.0876414,0.0,3.1083398,0.0,0.0,5.515579,0.0,0.0,0.0,0.0,0.0,0.0,0.0,0.0,0.03699679,0.0,0
8.477499,0.0,2.1854901,0.4114699,0.0,3.098658,1.905872,0.0,0.0,0.0,0.0,0.0,0.0,0.0,0.0,0.0,0
4.42029,0.0,1.7853757,1.9997193,0.0,3.9428704,2.0934784,0.0,0.0,0.0,0.0,0.0,0.0,0.0,0.0,0.0,0
5.9794507,0.0,5.6421213,0.0,0.0,0.0,2.4688096,0.0,0.0,0.0,0.0,0.0,0.0,0.0,2.0464656,0.0,0
10.164606,0.0,5.182666,1.6160316,0.0,8.156913,3.124775,0.0,0.0,0.0,0.0,0.0,0.0,0.0,0.0,0.0,0
8.298916,0.0,2.6828399,2.3887477,0.0,0.15373254,3.2927558,0.0,0.0,0.0,0.0,0.0,0.0,0.0,0.07826843,0.0,0
4.7510767,0.15488888,1.7305605,1.2208964,0.0,4.964711,2.5429976,0.0,0.0,0.0,0.0,0.0,0.0,0.0,0.0,0.0,0
7.931507,0.6122906,3.1558223,1.0748584,0.0,4.725469,1.8719305,0.0,0.0,0.0,0.0,0.0,0.0,0.0,0.0,0.0,0
9.600529,0.0,4.119156,0.7660779,0.0,5.6851254,4.7095313,0.0,0.0,0.0,0.0,0.0,0.0,0.0,0.0,0.0,0
7.8729525,0.0,2.214899,1.7957555,0.0,4.721246,3.4275665,0.0,0.0,0.0,0.0,0.0,0.0,0.0,0.0,0.0,0
6.48416,0.0,2.2960043,0.91038513,0.0,2.0818799,2.3545275,0.0,0.0,0.0,0.0,0.0,0.0,0.0,0.26031613,0.0,0
0.0,0.0,0.0,0.0,0.0,0.0,0.0,0.0,0.0,0.0,0.0,0.0,0.0,0.0,5.753733,0.0,0
5.089951,0.0,2.5965412,2.1581655,0.0,4.9710455,1.604503,0.0,0.0,0.0,0.0,0.0,0.0,0.0,0.0,0.0,0
4.960634,0.13483335,3.9619486,0.0,0.0,2.0417297,2.839211,0.0,0.0,0.0,0.0,0.0,0.0,0.0,0.0,0.0,0
11.152599,0.0,4.2591295,0.0,0.0,6.6726885,4.799924,0.0,0.0,0.0,0.0,0.0,0.0,0.0,0.0,0.0,0
4.079087,0.0,1.3980757,0.121556625,0.0,0.5347354,1.525659,0.0,0.0,0.0,0.0,0.0,0.0,0.0,0.0,0.0,0
0.08922704,0.0,5.0335093,0.0,0.0,0.0,0.0,0.0,0.0,0.0,0.0,0.0,0.0,0.0,1.314839,0.0,0
8.129033,0.0,2.6104085,0.4369466,0.07402199,6.4535294,3.035844,0.0,0.0,0.0,0.0,0.0,0.0,0.0,0.18940765,0.0,0
10.574156,0.0,5.647229,1.9835821,0.0,6.372927,3.135838,0.0,0.0,0.0,0.0,0.0,0.0,0.0,0.26406825,0.0,0
2.7584276,0.0,0.0,0.0,0.0,0.0,1.0040394,0.0,0.0,1.0484775,0.0,0.0,0.85305095,0.0,0.0,0.0,0
3.4446626,0.0,0.0,0.0,0.0,0.0,1.2016915,0.0,0.0,0.0,0.0,0.0,0.0,0.0,1.2579843,0.0,0
7.412363,0.0,3.9431508,1.860674,0.0,7.0111527,2.5276098,0.0,0.0,0.0,0.0,0.0,0.0,0.0,0.65105337,0.0,0
3.801404,0.0,3.0559354,0.0,0.0,2.3990629,1.5077318,0.0,0.0,0.0,0.0,0.0,0.0,0.0,0.25804877,0.0,0
5.488817,0.0,4.0019073,1.1537828,0.0,5.832008,1.1912371,0.0,0.0,0.0,0.0,0.0,0.0,0.0,0.0,0.0,0
7.2103977,0.0,2.0136833,1.0990164,0.0,7.098507,4.175444,0.0,0.0,0.0,0.0,0.0,0.0,0.0,0.0,0.0,0
8.244434,0.0,3.8112514,1.3959484,0.0,4.119239,1.906701,0.0,0.0,0.0,0.0,0.0,0.0,0.0,0.15426475,0.0,0
7.749436,0.0,4.043131,0.0,0.0,6.6264076,2.0805469,0.0,0.0,0.0,0.0,0.0,0.0,0.0,0.0,0.0,0
5.29416,0.0,2.7600565,0.0,0.0,8.245275,2.4834337,0.0,0.0,0.0,0.0,0.0,0.0,0.0,0.0028385576,0.0,0
9.191394,0.0,4.613701,1.6540524,0.0,5.8371267,3.3241367,0.0,0.0,0.0,0.0,0.0,0.0,0.0,0.0,0.0,0
0.0,0.0,1.2167239,0.0,0.0,0.0,0.0,0.0,0.0,0.0,0.0,0.0,0.0,0.0,5.387935,0.0,0
0.0,0.0,0.0,0.0,0.0,0.0,0.0,0.0,0.0,0.0,0.0,0.0,0.0,0.0,2.2910995,0.0,0
2.3883865,0.0,0.0,0.0,0.0,0.0,0.88483113,0.0,0.0,0.0,0.0,0.0,0.0,0.0,0.8288052,0.0,0
6.721861,0.0,3.067873,0.7632458,0.0,2.9154632,2.1242776,0.0,0.0,0.0,0.0,0.0,0.0,0.0,0.0,0.0,0
10.503084,0.0,4.374568,0.8514894,0.0,4.8415933,4.541436,0.0,0.0,0.0,0.0,0.0,0.0,0.0,0.048447914,0.0,0
6.8006325,0.48707452,0.93299997,0.0,0.0,2.5433223,3.1446106,0.0,0.0,0.0,0.0,0.0,0.0,0.0,0.30154178,0.0,0
4.628585,0.0,1.0077347,0.55357367,0.0,4.8763103,3.2342048,0.0,0.0,0.0,0.0,0.0,0.0,0.0,0.0,0.0,0
0.0,0.0,0.0,0.0,0.0,0.0,0.0,0.0,0.0,0.0,0.0,0.0,0.0,0.0,0.9016248,0.0,0
5.2532077,0.0,2.3115687,0.0,0.0,2.4702106,2.4595864,0.0,0.0,0.0,0.0,0.0,0.0,0.0,0.0,0.0,0
2.2983663,0.0,1.9409862,0.5002328,0.0,1.036775,1.8870617,0.0,0.0,0.0,0.0,0.0,0.0,0.0,0.0,0.0,0
6.733978,0.0,2.0732517,0.345993,0.0,5.593829,3.9774966,0.0,0.0,0.0,0.0,0.0,0.0,0.0,0.0,0.0,0
0.0,0.0,0.0,0.0,0.0,0.0,0.0,0.0,0.0,1.974148,0.0,0.0,1.690526,0.0,0.0,0.0,0
0.9880119,0.0,1.5746508,0.0,0.0,1.8288054,0.68520164,0.0,0.0,0.0,0.0,0.0,0.0,0.0,0.0,0.0,0
7.0820985,0.0,5.845909,1.3683234,0.0,4.1722493,0.5732013,0.0,0.0,0.0,0.0,0.0,0.0,0.0,0.0,0.0,0
5.0828724,0.19671716,2.1818821,0.0,0.0,5.05954,2.2835546,0.0,0.0,0.0,0.0,0.0,0.0,0.0,0.0,0.0,0
0.0,0.0,0.0,0.0,0.0,0.0,0.30828056,0.0,0.0,0.0,0.0,0.0,1.0211818,0.0,3.7423537,0.0,0
7.6688457,0.0,3.2369266,0.5425545,0.0,8.211186,3.8392406,0.0,0.0,0.0,0.0,0.0,0.0,0.0,0.0,0.0,0
2.3644974,0.0,0.0,0.96241236,0.0,0.0,1.0098182,0.0,0.0,0.0,0.0,0.0,0.6637592,0.0,0.2667296,0.0,0
6.98297,0.0,2.8599348,1.1698594,0.0,2.7020245,3.5557928,0.0,0.0,0.0,0.0,0.0,0.0,0.0,0.21225852,0.0,0
8.659777,0.0,4.3127546,1.3020128,0.0,5.673495,4.1436663,0.0,0.0,0.0,0.0,0.0,0.0,0.0,0.0,0.0,0
8.02126,0.86624646,5.364658,1.2877346,0.0,4.981648,2.9526436,0.0,0.0,0.0,0.0,0.0,0.0,0.0,0.0,0.0,0
6.5615025,0.21118166,4.185483,0.0,0.0,3.3130598,1.3705012,0.0,0.0,0.0,0.0,0.0,0.0,0.0,0.0,0.0,0
5.07181,0.0,1.3769777,0.0,0.0,2.7964232,2.6860893,0.0,0.0,0.0,0.0,0.0,0.0,0.0,0.44475836,0.0,0
5.7219515,0.21328832,3.7398367,0.35830972,0.0,2.0412588,2.7106526,0.0,0.0,0.0,0.0,0.0,0.0,0.0,0.2151556,0.0,0
4.977143,0.0,3.7449398,0.073847875,0.0,3.625363,0.061023336,0.0,0.0,0.0,0.0,0.0,0.0,0.0,0.0,0.0,0
7.261671,0.0,0.73482084,0.352744,0.19294421,7.0412235,4.4459224,0.0,0.0,0.0,0.0,0.0,0.0,0.0,0.30050462,0.0,0
6.5291944,0.7609701,2.5444498,0.0,0.0,2.859943,2.4987898,0.0,0.0,0.0,0.0,0.0,0.0,0.0,0.13874744,0.0,0
1.8333813,0.0,2.4999337,0.0,0.0,0.0,1.6725107,0.0,0.0,0.0,0.0,0.0,0.0,0.0,0.0,0.0,0
3.9766567,0.0,1.6829109,0.0,0.0,4.3381453,1.6143986,0.0,0.0,0.0,0.0,0.0,0.0,0.0,1.8673979,0.0,0
4.6254225,0.066152595,3.1597807,0.29387823,0.0,0.0,3.6238897,0.0,0.0,0.0,0.0,0.0,0.0,0.0,0.0,0.0,0
4.045845,0.0,0.82066864,1.2176853,0.0,3.1052644,2.8577237,0.0,0.0,0.0,0.0,0.0,0.0,0.0,0.0,0.0,0
7.592698,0.0,2.9768076,1.4748666,0.0,6.432001,2.9502563,0.0,0.0,0.0,0.0,0.0,0.0,0.0,0.48295462,0.0,0
1.1797863,0.0,0.0,0.31988677,0.0,2.9663513,1.128739,0.0,0.0,0.0,0.0,0.0,0.0,0.0,0.0,0.0,0
7.1490364,0.0,7.1181517,1.3207189,0.0,8.123057,4.047282,0.0,0.0,0.0,0.0,0.0,0.0,0.0,0.27703178,0.0,0
2.0880282,0.0,2.1966498,0.13509975,0.0,0.0,1.6429707,0.0,0.0,0.0,0.0,0.0,0.0,0.0,0.9015344,0.0,0
9.411234,0.0,3.0360494,0.7247168,0.0,6.898661,5.6509924,0.0,0.0,0.0,0.0,0.0,0.0,0.0,0.0,0.0,0
0.0,0.0,0.0,0.0,0.0,0.0,0.0,0.0,0.0,0.0,0.0,0.0,0.05356213,0.0,2.3300135,0.0,0
5.967552,0.0,5.492568,0.15560685,0.0,6.99807,4.568678,0.0,0.0,0.0,0.0,0.0,0.0,0.0,0.0,0.0,0
9.135067,0.0,3.3593304,1.384691,0.0,5.7872057,3.2626405,0.0,0.0,0.0,0.0,0.0,0.0,0.0,0.0,0.0,0
0.0,0.0,0.0,0.0,0.0,0.0,0.0,0.0,0.0,0.0,0.0,0.0,0.0,0.0,2.0395107,0.0,0
5.37325,0.0,2.9014764,1.7988107,0.0,6.0809565,2.8814406,0.0,0.0,0.0,0.0,0.0,0.0,0.0,0.0,0.0,0
4.6027894,0.0,1.722209,0.41552565,0.0,2.3219974,1.2777643,0.0,0.0,0.0,0.0,0.0,0.0,0.0,0.33467558,0.0,0
11.9893875,0.0,3.6947982,2.5230691,0.0,5.7640786,4.0632896,0.0,0.0,0.0,0.0,0.0,0.0,0.0,0.0,0.0,0
5.639403,0.0,3.0594187,0.027620897,0.0,0.43778974,1.3236259,0.0,0.0,0.0,0.0,0.0,0.0,0.0,0.14442354,0.0,0
1.921479,0.0,0.0,0.6510731,1.4844663,0.0,0.0,0.0,0.0,0.0,0.0,0.0,0.0,0.0,2.760359,0.0,0
8.389174,0.0,3.8329165,1.760774,0.0,6.0773735,2.837316,0.0,0.0,0.0,0.0,0.0,0.0,0.0,0.0,0.0,0
4.814883,0.0,7.2594824,0.0,0.0,1.4776243,2.9136086,0.0,0.0,0.0,0.0,0.0,0.0,0.0,0.7418777,0.0,0
8.011734,0.7631947,5.0824647,0.8735626,0.0,4.636725,3.3329277,0.0,0.0,0.0,0.0,0.0,0.0,0.0,0.99573636,0.0,0
1.0959312,0.0,0.0,0.0,0.0,0.0,1.0833672,0.0,0.0,0.0,0.0,0.0,0.0,0.0,2.267075,0.0,0
1.9647027,0.0,0.7121583,0.0,0.0,1.0319936,0.89841634,0.0,0.0,0.0,0.0,0.0,0.0,0.0,0.8125445,0.0,0
8.931616,0.0,1.6684248,2.8474605,0.0,6.455286,4.242595,0.0,0.0,0.0,0.0,0.0,0.0,0.0,0.0,0.0,0
4.822612,0.0,1.3205813,1.6518046,0.0,6.6883173,3.5326414,0.0,0.0,0.0,0.0,0.0,0.0,0.0,0.0,0.0,0
2.2297153,0.0,0.12814821,0.3555682,0.7718444,4.714715,2.0915625,0.0,0.0,0.0,0.0,0.0,0.0,0.0,0.0,0.0,0
6.1738324,0.092403434,2.8769903,0.0,0.0,5.4090986,2.1862264,0.0,0.0,0.0,0.0,0.0,0.0,0.0,0.35496908,0.0,0
0.36826238,0.0,0.0,0.31300202,0.0,0.0,0.0,0.0,0.0,0.0,0.0,0.0,0.0,0.0,3.1915703,0.0,0
0.0,0.0,0.0,0.0,0.0,0.0,0.0,0.0,0.0,0.0,0.0,0.0,0.0,0.0,3.7833452,0.0,0
5.5263033,0.004716058,3.1423447,0.0,0.0,0.0,3.2521946,0.0,0.0,0.0,0.0,0.0,0.0,0.0,0.0,0.0,0
2.1200302,0.0,0.3117322,0.33926645,0.0,1.8620291,0.98922133,0.0,0.0,0.0,0.0,0.0,0.0,0.0,0.0,0.0,0
0.0,0.0,0.0,0.0,0.0,0.0,0.0,0.0,0.0,0.0,0.0,0.0,0.0,0.0,4.5898557,0.0,0
2.4028902,0.0,0.9049809,1.2157177,0.0,4.329029,2.7039404,0.0,0.0,0.0,0.0,0.0,0.0,0.0,0.0,0.0,0
5.413808,0.0,0.0,0.9160367,0.0,1.0226295,3.058372,0.0,0.0,0.0,0.0,0.0,0.0,0.0,0.0,0.0,0
1.0707654,0.0,0.0,0.0,0.0,0.0,0.41211757,0.0,0.0,0.0,0.0,0.0,1.1821539,0.0,7.1306314,0.0,0
0.0,0.0,0.0,0.0,0.0,0.0,0.0,0.0,0.0,0.5441764,0.0,0.0,0.0,0.0,4.2725134,0.0,0
8.196059,0.0,2.795061,1.5118709,0.14099197,5.2586412,2.2514424,0.0,0.0,0.0,0.0,0.0,0.0,0.0,0.019136256,0.0,0
0.09043916,0.0,0.0,0.48623332,0.0,0.0,0.0,0.0,0.0,0.0,0.0,0.0,0.0,0.0,0.41121423,0.0,0
11.646542,0.5491964,4.9030676,2.3560095,0.0,5.2775865,5.2840037,0.0,0.0,0.0,0.0,0.0,0.0,0.0,0.0,0.0,0
6.0434914,0.0,3.0788584,2.2985559,0.0,8.381989,3.8661513,0.0,0.0,0.0,0.0,0.0,0.0,0.0,0.0,0.0,0
9.465009,0.0,3.8162336,1.5607742,0.0,9.101806,5.084988,0.0,0.0,0.0,0.0,0.0,0.0,0.0,0.0,0.0,0
7.0413585,0.0,2.6959877,0.0,0.024927905,5.021561,1.9048945,0.0,0.0,0.0,0.0,0.0,0.0,0.0,2.2215466,0.0,0
3.7500076,0.0,1.753938,1.0705491,0.04373925,2.8892407,1.7887338,0.0,0.0,0.0,0.0,0.0,0.0,0.0,0.0,0.0,0
1.5853161,0.0,0.0,0.0,0.0,0.0,0.0,0.0,0.0,0.0,0.0,0.0,0.0,0.0,0.0,0.0,0
9.221477,0.0,3.9713726,2.180918,0.0,6.9287057,3.7844899,0.0,0.0,0.0,0.0,0.0,0.0,0.0,0.0,0.0,0
1.6712235,0.0,0.0,0.43400916,0.0,0.78596604,0.50111735,0.0,0.0,0.0,0.0,0.0,0.0,0.0,1.8039474,0.0,0
2.6108575,0.0,2.4688168,0.0,0.0,2.6616778,2.3980932,0.0,0.0,0.0,0.0,0.0,0.0,0.0,0.5535165,0.0,0
6.871318,0.0,1.4976132,1.0548625,0.0,3.61686,4.0607924,0.0,0.0,0.0,0.0,0.0,0.0,0.0,0.0,0.0,0
6.8253884,0.0,2.4511306,2.4445977,0.0,8.545027,4.767026,0.0,0.0,0.0,0.0,0.0,0.0,0.0,0.0,0.0,0
1.9458903,0.0,0.0,0.5367575,0.0,0.0,0.2254263,0.0,0.0,0.0,0.0,0.0,0.0,0.0,5.6815805,0.0,0
3.3137841,0.0,0.0,0.0,0.0,0.0,0.35574278,0.0,0.0,0.0,0.0,0.0,0.0,0.0,0.63580364,0.0,0
8.840365,0.0,2.705205,0.661662,0.0,2.6225183,2.5935528,0.0,0.0,0.0,0.0,0.0,0.0,0.0,0.0,0.0,0
3.8195748,0.0,1.545888,1.983165,0.0,5.1138244,2.7999706,0.0,0.0,0.0,0.0,0.0,0.0,0.0,0.0,0.0,0
8.396409,0.0,3.9104166,1.0316235,0.0,5.925748,4.1452527,0.0,0.0,0.0,0.0,0.0,0.0,0.0,0.0,0.0,0
5.2421193,0.0,3.7288578,1.0380942,0.0,3.7626662,1.147247,0.0,0.0,0.0,0.0,0.0,0.0,0.0,1.5263237,0.0,0
4.247198,0.0,1.6818261,0.0,0.0,1.3520918,2.15867,0.0,0.0,0.0,0.0,0.0,0.0,0.0,0.026898151,0.0,0
5.045196,0.0,0.49264255,1.6282262,0.0,2.5463762,3.186233,0.0,0.0,0.0,0.0,0.0,0.0,0.0,0.0,0.0,0
4.057124,0.0,3.059555,0.0,0.0,1.8386321,2.2384098,0.0,0.0,0.0,0.0,0.0,0.0,0.0,0.47774428,0.0,0
9.96369,0.0,2.989379,0.0,0.0,5.880862,3.5800424,0.0,0.0,0.0,0.0,0.0,0.0,0.0,0.0,0.0,0
2.0466824,0.0,0.0,0.0,0.0,0.0,0.014255862,0.0,0.0,0.0,0.0,0.0,0.0,0.0,0.6648211,0.0,0
5.722784,0.0,1.8647764,0.6532744,0.0,2.0870888,3.2238488,0.0,0.0,0.0,0.0,0.0,0.0,0.0,0.013469106,0.0,0
6.0957246,0.0,2.9969563,0.57553566,0.0,3.4406266,2.7778487,0.0,0.0,0.0,0.0,0.0,0.0,0.0,0.0,0.0,0
0.0,0.0,0.0,0.0,0.0,0.0,0.0,0.0,0.0,0.0,0.0,0.0,0.0,0.0,4.07931,0.0,0
3.754974,0.0,0.0,0.0,0.0,0.0,1.9526552,0.0,0.0,0.0,0.0,0.0,0.0,0.0,0.14131147,0.0,0
10.048145,0.0,2.4394317,0.71737033,0.0,5.041169,3.6622944,0.0,0.0,0.0,0.0,0.0,0.0,0.0,0.0,0.0,0
5.625127,0.0,7.551356,0.0,0.0,0.0,4.392759,0.0,0.0,0.0,0.0,0.0,0.0,0.0,1.4954795,0.0,0
2.325099,0.0,0.5803175,0.6358311,0.0,1.5062248,1.1435639,0.0,0.0,0.0,0.0,0.0,0.0,0.0,0.0,0.0,0
6.380707,0.0,2.1763678,0.7311958,0.0,3.1422305,3.1114306,0.0,0.0,0.0,0.0,0.0,0.0,0.0,0.0,0.0,0
8.28379,0.61638665,4.6663737,0.0,0.0,1.4557585,4.3237653,0.0,0.0,0.0,0.0,0.0,0.0,0.0,0.26709005,0.0,0
1.3855702,0.0,0.0,0.0,0.0,1.1000376,1.1521436,0.0,0.0,0.0,0.0,0.0,0.0,0.0,0.0,0.0,0
7.309638,0.4353042,2.9065928,0.6543534,0.0,3.818417,1.7502962,0.0,0.0,0.0,0.0,0.0,0.0,0.0,1.0568724,0.0,0
1.8040259,0.0,0.0,0.0,0.0,0.0,0.0,0.0,0.0,0.0,0.0,0.0,0.0,0.0,0.0,0.0,0
4.2982516,0.0,0.0,0.0,0.0,0.0,2.6982427,0.0,0.0,0.0,0.0,0.0,0.0,0.0,0.0,0.0,0
8.585318,0.0,1.5317574,1.772776,0.09081035,5.721263,3.0311224,0.0,0.0,0.0,0.0,0.0,0.0,0.0,0.3924266,0.0,0
4.858394,0.0,2.9007728,1.9302517,0.0,6.478097,0.9624248,0.0,0.0,0.0,0.0,0.0,0.0,0.0,0.0,0.0,0
8.066092,0.0,3.3115406,1.8435665,0.0,7.3719006,4.387509,0.0,0.0,0.0,0.0,0.0,0.0,0.0,0.0,0.0,0
8.5669,1.0769818,1.5179116,1.2766478,0.0,4.37477,2.9756484,0.0,0.0,0.0,0.0,0.0,0.0,0.0,0.0,0.0,0
4.291848,0.0,4.6522036,0.81943214,0.0,4.86308,1.2904539,0.0,0.0,0.0,0.0,0.0,0.0,0.0,0.0,0.0,0
0.44721207,0.0,0.0,0.0,0.0,0.0,0.0,0.0,0.0,0.0,0.0,0.0,0.0,0.0,0.0,0.0,0
6.3750286,0.0,2.9925504,1.5007886,0.0,6.7519503,2.9227843,0.0,0.0,0.0,0.0,0.0,0.0,0.0,0.0,0.0,0
7.4852114,0.0,2.2926364,2.122576,0.0,4.445088,2.6955004,0.0,0.0,0.0,0.0,0.0,0.0,0.0,0.0,0.0,0
0.0,0.0,0.0,0.0,0.0,0.0,0.0,0.0,0.0,0.0,0.0,0.0,0.0,0.0,2.940604,0.0,0
8.34325,1.2958834,6.5084305,1.0757829,0.0,4.2599907,3.1643019,0.0,0.0,0.0,0.0,0.0,0.0,0.0,0.0,0.0,0
8.609074,0.70139647,4.6451426,0.0,0.0,3.7597115,3.698757,0.0,0.0,0.0,0.0,0.0,0.0,0.0,0.0,0.0,0
9.423899,0.0,4.5709267,1.4694605,0.0,5.31963,3.587017,0.0,0.0,0.0,0.0,0.0,0.0,0.0,0.33356047,0.0,0
6.894457,0.0,1.8392574,0.700086,0.0,2.877806,2.49892,0.0,0.0,0.0,0.0,0.0,0.0,0.0,0.0998512,0.0,0
5.515414,0.0,2.3976731,1.7726591,0.0,7.1468306,4.2913866,0.0,0.0,0.0,0.0,0.0,0.0,0.0,0.0,0.0,0
4.8231163,0.9719381,0.22347046,0.0,0.0,0.0,2.8669238,0.0,0.0,0.0,0.0,0.0,0.0,0.0,1.5452669,0.0,0
5.0720444,0.0,2.7318249,1.9805008,0.0,0.95943916,2.5568788,0.0,0.0,0.0,0.0,0.0,0.0,0.0,0.29442203,0.0,0
7.514578,0.0,4.3147097,2.2177658,0.0,4.6089115,3.6171758,0.0,0.0,0.0,0.0,0.0,0.0,0.0,0.0,0.0,0
2.6757772,0.0,0.76058155,1.3031563,0.0,2.5742304,1.350292,0.0,0.0,0.0,0.0,0.0,0.0,0.0,0.0,0.0,0
4.1874485,0.0,3.2612216,0.6990479,0.0,9.231406,3.3730054,0.0,0.0,0.0,0.0,0.0,0.0,0.0,0.0,0.0,0
8.802445,0.0,3.1747818,1.040277,0.0,4.0585203,3.32041,0.0,0.0,0.0,0.0,0.0,0.0,0.0,0.0,0.0,0
8.67309,0.0,4.020222,1.0025204,0.0,5.1734934,2.859071,0.0,0.0,0.0,0.0,0.0,0.0,0.0,0.0,0.0,0
8.244129,0.0,2.2481012,1.6104211,0.0,5.884012,2.8437297,0.0,0.0,0.0,0.0,0.0,0.0,0.0,0.0,0.0,0
5.303697,0.0,1.0500108,0.10149406,0.0,2.4862,1.9121981,0.0,0.0,0.0,0.0,0.0,0.0,0.0,2.3452153,0.0,0
1.0806775,0.0,0.49099073,0.8161177,0.0,3.0004566,1.7022697,0.0,0.0,0.0,0.0,0.0,0.0,0.0,0.0,0.0,0
7.413063,0.0,3.9004412,0.18902527,0.0,7.5149803,3.151756,0.0,0.0,0.0,0.0,0.0,0.0,0.0,0.87704974,0.0,0
5.623671,0.67044616,2.7054791,0.17999922,0.0,2.0058274,1.841959,0.0,0.0,0.0,0.0,0.0,0.0,0.0,0.0,0.0,0
4.689825,0.0,0.0,0.0,0.0,0.0,4.6072493,0.0,2.4411035,0.0,0.0,0.0,0.0,0.0,7.613381,0.0,0
4.670896,0.0,0.7229843,1.1675493,0.0,4.4410596,3.1292267,0.0,0.0,0.0,0.0,0.0,0.0,0.0,0.0,0.0,0
5.7325363,0.0,0.30403027,0.19976358,0.460092,4.09888,2.7406492,0.0,0.0,0.0,0.0,0.0,0.0,0.0,0.5537582,0.0,0
4.6674776,0.0,5.078989,0.0,0.0,3.8729107,2.3159494,0.0,0.0,0.0,0.0,0.0,0.0,0.0,0.0,0.0,0
1.6078278,0.0,0.0,0.0,0.0,0.0,0.0,0.0,0.0,0.09174915,0.0,0.0,0.0,0.0,0.16263172,0.0,0
6.1261125,0.0,0.9054221,0.41455084,0.0,3.2750554,3.1217241,0.0,0.0,0.0,0.0,0.0,0.0,0.0,0.0,0.0,0
0.0,0.0,0.0,0.0,0.0,0.0,0.0,0.0,0.0,0.0,0.0,0.0,0.0,0.0,3.4689245,0.0,0
5.3578787,0.0,0.629131,1.6819264,1.4434316,5.8891354,2.5521336,0.0,0.0,0.0,0.0,0.0,0.0,0.0,0.65700084,0.0,0
3.1334527,0.0,1.9605243,1.9548801,0.0,6.0808887,2.986534,0.0,0.0,0.0,0.0,0.0,0.0,0.0,0.0,0.0,0
3.433258,0.0,0.0,0.0,0.0,2.9730694,2.6849084,0.0,0.0,0.0,0.0,0.0,0.0,0.0,0.0,0.0,0
10.963102,0.2396145,4.0283475,0.31155667,0.0,6.6479135,5.5370345,0.0,0.0,0.0,0.0,0.0,0.0,0.0,0.0,0.0,0
2.1280081,0.0,0.0,1.0224223,0.0,0.0,2.3924468,0.0,0.0,0.0,0.0,0.0,0.0,0.0,1.3767254,0.0,0
9.1100855,0.0,4.728898,0.34953007,0.0,11.328534,5.1215897,0.0,0.0,0.0,0.0,0.0,0.0,0.0,0.0,0.0,0
9.741351,0.0,4.0698442,1.9388949,0.0,4.77049,4.2547727,0.0,0.0,0.0,0.0,0.0,0.0,0.0,0.0,0.0,0
7.7511415,0.0,4.0853257,2.2595513,0.0,5.496113,3.2558625,0.0,0.0,0.0,0.0,0.0,0.0,0.0,0.0,0.0,0
3.9357092,0.0,1.3285761,0.0,0.0,4.563114,3.3246205,0.0,0.0,0.0,0.0,0.0,0.0,0.0,0.0,0.0,0
8.861332,0.39941838,2.3269067,1.9883517,0.0,1.745292,4.83991,0.0,0.0,0.0,0.0,0.0,0.0,0.0,0.0,0.0,0
5.5926285,0.0,2.3174582,0.14226173,0.0,3.5073636,3.1012042,0.0,0.0,0.0,0.0,0.0,0.0,0.0,0.0,0.0,0
0.0,0.0,0.6171808,0.0,0.0,0.0,0.0,0.0,0.0,0.0,0.0,0.0,0.0,0.0,3.824222,0.0,0
8.881276,0.0,0.0,0.0,0.0,0.0,7.864447,0.0,1.879793,0.0,0.0,0.0,0.0,0.0,9.16943,0.0,0
3.804955,0.0,2.7535396,1.63774,0.0,4.871094,1.0706626,0.0,0.0,0.0,0.0,0.0,0.0,0.0,0.0,0.0,0
4.40137,0.0,0.6558901,1.1551257,0.0,3.4746077,2.117594,0.0,0.0,0.0,0.0,0.0,0.0,0.0,0.0,0.0,0
9.06223,0.0,3.1094222,0.471258,0.0,6.143132,3.4714227,0.0,0.0,0.0,0.0,0.0,0.0,0.0,0.0,0.0,0
6.5662794,0.0,0.0,1.6920165,0.0,2.6667285,1.1058531,0.0,0.0,0.0,0.0,0.0,0.0,0.0,2.6498082,0.0,0
6.1785555,0.108201526,4.959646,1.1823479,0.0,2.201978,2.9383202,0.0,0.0,0.0,0.0,0.0,0.0,0.0,0.0,0.0,0
3.330434,0.0,3.336565,0.036627278,0.0,5.27976,3.2686477,0.0,0.0,0.0,0.0,0.0,0.0,0.0,0.0,0.0,0
12.679718,1.8150088,4.5005684,2.1546338,0.0,3.9292943,6.0984216,0.0,0.0,0.0,0.0,0.0,0.0,0.0,0.0,0.0,0
0.0,0.0,0.0,0.0,0.0,0.0,0.0,0.0,0.0,0.91791147,0.0,0.0,0.0,0.0,0.0,0.0,0
2.3398032,0.0,0.6004852,0.68448764,0.0,4.1076727,3.2423239,0.0,0.0,0.0,0.0,0.0,0.0,0.0,0.0,0.0,0
2.64732,0.0,0.7332562,0.43334767,0.0,1.1652468,0.5521438,0.0,0.0,0.0,0.0,0.0,0.0,0.0,0.0,0.0,0
1.9103544,0.0,0.0,0.0,0.13606985,0.37679452,1.0695424,0.0,0.0,0.0,0.0,0.0,0.0,0.0,0.13761872,0.0,0
8.264456,1.0455164,3.3110394,0.80242664,0.0,2.7941115,3.3922305,0.0,0.0,0.0,0.0,0.0,0.0,0.0,0.0,0.0,0
4.897681,0.0,2.4194946,1.9153279,0.0,3.0072525,1.5401577,0.0,0.0,0.0,0.0,0.0,0.0,0.0,0.0,0.0,0
0.0,0.0,1.9498152,0.0,0.0,0.0,0.0,0.0,0.0,0.0,0.0,0.0,0.0,0.0,3.3021636,0.0,0
7.2982373,1.1243318,3.8017921,0.0,0.0,3.6916454,3.623816,0.0,0.0,0.0,0.0,0.0,0.0,0.0,0.0,0.0,0
9.475163,0.0,4.630539,2.6184726,0.0,5.967974,2.1132061,0.0,0.0,0.0,0.0,0.0,0.0,0.0,0.0,0.0,0
8.510099,0.008595724,1.7463634,1.0422757,0.0,4.2028656,3.1008103,0.0,0.0,0.0,0.0,0.0,0.0,0.0,0.0,0.0,0
3.8199682,0.22884233,1.0076652,0.84336364,0.0,0.0,2.372861,0.0,0.0,0.0,0.0,0.0,0.0,0.0,0.40710533,0.0,0
5.4593277,0.0,4.1234136,0.0,0.0,0.0,3.4427333,0.0,0.0,0.0,0.0,0.0,0.0,0.0,1.0010817,0.0,0
8.671133,0.0,5.800811,0.8091458,0.0,4.393531,4.732484,0.0,0.0,0.0,0.0,0.0,0.0,0.0,1.4797041,0.0,0
4.400276,0.0,0.0,1.4079868,0.0,0.0,0.24844252,0.0,0.0,0.0,0.0,0.0,0.0,0.0,1.4849839,0.0,0
1.9870661,0.0,0.7275818,0.71326935,0.0,3.1114933,1.9948695,0.0,0.0,0.0,0.0,0.0,0.0,0.0,0.0,0.0,0
5.4179296,0.0,0.17258845,0.7432171,0.72259766,3.8510747,3.0094662,0.0,0.0,0.0,0.0,0.0,0.0,0.0,0.0,0.0,0
7.7577515,0.0,4.7227945,0.0,0.0,8.934024,2.3980284,0.0,0.0,0.0,0.0,0.0,0.0,0.0,0.9785909,0.0,0
4.385503,0.0,2.0861495,0.0,0.0,0.0,3.2000775,0.0,0.0,0.0,0.0,0.0,0.0,0.0,0.53808826,0.0,0
0.0,0.0,1.7298918,0.0,0.0,0.0,0.0,0.0,0.0,0.0,0.0,0.0,0.0,0.0,1.7924361,0.0,0
9.1626625,0.33081964,3.0682049,1.5331582,0.0,4.951393,3.729283,0.0,0.0,0.0,0.0,0.0,0.0,0.0,0.0,0.0,0
1.7003682,0.0,0.0,0.6263515,0.0,0.0,0.0517898,0.0,0.0,0.0,0.0,0.0,0.0,0.0,2.6020355,0.0,0
0.0,0.0,0.0,0.0,0.0,0.0,0.0,0.0,0.0,0.0,0.0,0.0,0.0,0.0,0.2854196,0.0,0
1.4664122,0.0,1.2813354,0.0,0.0,0.0,0.0,0.0,0.0,0.0,0.0,0.0,0.0,0.0,1.4747249,0.0,0
2.9545543,0.0,3.151527,0.0,0.0,0.0,2.818577,0.0,0.0,0.0,0.0,0.0,0.0,0.0,1.8492885,0.0,0
10.1391945,0.0,1.4724782,0.67676204,1.0647095,8.18057,3.3504539,0.0,0.0,0.0,0.0,0.0,0.0,0.0,0.0,0.0,0
0.0,0.0,0.0,0.0,0.0,0.0,0.0,0.0,0.0,0.0,0.0,0.0,1.6746285,0.0,10.402006,0.0,0
4.9067717,0.0,3.8705108,0.6731474,0.0,0.0,2.7088583,0.0,0.0,0.0,0.0,0.0,0.0,0.0,1.4318417,0.0,0
0.0,0.0,0.0,0.0,0.0,0.0,0.0,0.0,0.0,0.0,0.0,0.0,0.0,0.0,1.6512578,0.0,0
4.0958614,0.0,1.1579973,1.5374428,0.0,4.8240623,3.240919,0.0,0.0,0.0,0.0,0.0,0.0,0.0,0.0,0.0,0
7.384461,1.0245601,5.4140472,0.27586696,0.0,1.7125108,4.0837893,0.0,0.0,0.0,0.0,0.0,0.0,0.0,0.993926,0.0,0
9.959291,0.0,3.6954172,1.6293243,0.0,5.63118,2.3316164,0.0,0.0,0.0,0.0,0.0,0.0,0.0,0.3666767,0.0,0
5.7180886,0.0,1.9468485,1.0962667,0.0,3.156974,0.9058937,0.0,0.0,0.0,0.0,0.0,0.0,0.0,0.0,0.0,0
4.6141167,0.0,0.0,1.8561047,0.0,0.0,1.4192728,0.0,0.0,0.0,0.0,0.0,0.0,0.0,1.739774,0.0,0
8.86253,0.0,0.0,0.0,0.0,0.0,4.476685,0.0,0.0,0.017472578,0.0,0.0,0.0,0.0,1.655318,0.0,0
1.3793515,0.0,0.0,0.0,0.0,0.0,0.0,0.0,0.0,0.0,0.0,0.0,0.0,0.0,0.501337,0.0,0
9.680464,0.0,1.332073,2.437283,0.0,3.519665,3.155725,0.0,0.0,0.0,0.0,0.0,0.0,0.0,0.989637,0.0,0
2.8850179,0.0,0.0,0.0,0.0,0.0,0.76896966,0.0,0.0,0.0,0.0,0.0,0.0,0.0,1.1131421,0.0,0
3.0171843,0.0,4.265323,0.0,0.0,2.2795312,1.6607791,0.0,0.0,0.0,0.0,0.0,0.0,0.0,1.2333694,0.0,0
11.003718,0.0,6.0517883,1.4319737,0.0,8.108133,2.9159925,0.0,0.0,0.0,0.0,0.0,0.0,0.0,0.0,0.0,0
2.5302045,0.0,0.0,0.59667265,0.0,0.0,0.0,0.0,0.0,0.0,0.0,0.0,0.17916891,0.0,4.463869,0.0,0
0.0,0.0,0.0,0.0,0.0,0.0,0.0,0.0,0.0,0.0,0.0,0.0,0.0,0.0,3.0929775,0.0,0
6.539157,0.0,1.3895572,1.1679975,0.0,5.004962,4.272628,0.0,0.0,0.0,0.0,0.0,0.0,0.0,0.0,0.0,0
6.291706,0.19321848,1.4378762,0.0,0.54359996,4.8647294,2.040379,0.0,0.0,0.0,0.0,0.0,0.0,0.0,0.0,0.0,0
6.526542,0.0,1.7987018,0.0,0.0,6.6000047,3.695858,0.0,0.0,0.0,0.0,0.0,0.0,0.0,0.2793013,0.0,0
7.331559,0.0,4.24917,1.3738798,0.0,6.5999575,4.232325,0.0,0.0,0.0,0.0,0.0,0.0,0.0,0.0,0.0,0
2.2266695,0.0,0.8947911,0.0,0.0,3.01251,2.4758422,0.0,0.0,0.0,0.0,0.0,0.0,0.0,0.09905509,0.0,0
6.8245335,0.06880119,1.8600478,0.5707342,0.95431596,5.340069,2.0538378,0.0,0.0,0.0,0.0,0.0,0.0,0.0,0.0,0.0,0
8.152164,0.0,2.4012494,1.5652823,0.0,5.5926104,3.9637017,0.0,0.0,0.0,0.0,0.0,0.0,0.0,0.0,0.0,0
7.4469166,0.0,0.0,0.56568706,0.0,0.0,2.8595262,0.0,0.0,0.0,0.0,0.0,0.0,0.0,7.67844,0.0,0
0.9649262,0.0,2.9288392,0.0,0.0,0.0,1.1440917,0.0,0.0,0.0,0.0,0.0,0.0,0.0,0.5169237,0.0,0
5.004652,0.0,5.374963,0.7113341,0.0,5.3882084,1.7173662,0.0,0.0,0.0,0.0,0.0,0.0,0.0,0.78943884,0.0,0
4.803186,0.0,3.9852238,0.4853147,0.0,2.7337167,1.5155227,0.0,0.0,0.0,0.0,0.0,0.0,0.0,0.0,0.0,0
3.7789176,0.42739996,1.8541166,0.8177891,0.0,2.948652,2.9373908,0.0,0.0,0.0,0.0,0.0,0.0,0.0,0.24806663,0.0,1
0.120965324,0.0,0.0,0.0,0.0,0.0,0.0,0.0,0.0,0.0,0.0,0.0,0.0,0.0,1.2986875,0.0,1
2.8194149,4.402715,3.7627542,0.40595183,0.19065563,0.0,3.4277565,0.0,0.0,0.0,0.0,0.0,0.0,0.0,3.7751608,0.0,1
0.77320343,0.0,1.7707016,0.0,0.0,0.0,1.698151,0.0,0.0,0.0,0.0,0.0,0.6106438,0.0,2.8397408,0.0,1
3.293021,0.025510449,1.7196242,0.10201679,0.0,0.12390208,1.575858,0.0,0.0,0.0,0.0,0.0,0.0,0.0,0.024886435,0.0,1
0.5240987,0.0,0.0,0.9000939,0.0,0.0,0.0,0.0,0.0,0.0,0.0,0.0,0.0,0.0,2.3294747,0.0,1
1.2008928,0.0,0.0,0.0,0.0,0.0,1.9673382,0.0,0.0,0.0,0.0,0.0,0.0,0.0,2.600629,0.0,1
8.08821,0.0,0.0,0.0,0.0,0.0,5.0546637,0.0,5.534874,0.0,0.0,0.0,1.960787,0.0,8.761994,0.0,1
5.5615025,0.0,0.0,0.0,0.0,0.0,4.4834685,0.0,2.3444026,1.9882447,0.0,0.0,2.565941,0.0,2.1903005,0.0,1
0.0,0.0,0.0,0.0,0.0,0.0,0.0,0.0,0.0,0.0,0.0,0.0,0.0,0.0,0.0,0.0,1
4.6825,0.0,1.7674477,1.9351432,0.0,2.1219423,1.7621876,0.0,0.0,0.0,0.0,0.0,0.0,0.0,0.0,0.0,1
0.6651159,0.0,0.0,0.0,0.0,0.0,0.1634265,0.0,0.0,0.0,0.0,0.0,0.0,0.0,3.5780394,0.0,1
0.32196888,0.0,0.0,0.0,0.0,0.0,0.0,0.0,0.0,0.0,0.0,0.0,0.7838122,0.0,2.1815658,0.0,1
2.3626711,0.0,2.580232,0.8212659,0.0,3.1201768,1.3511801,0.0,0.0,0.0,0.0,0.0,0.0,0.0,0.0,0.0,1
8.047874,0.0,0.0,0.0,0.0,0.0,8.942637,0.0,9.964688,0.0,0.0,0.0,10.286096,0.0,11.692218,0.0,1
8.335379,0.0,0.0,0.0,0.0,0.0,5.3111567,0.0,30.214277,0.0,0.0,0.0,13.348367,0.0,12.046302,0.0,1
1.1728696,0.0,0.0,0.0,0.0,0.0,2.9131851,0.0,0.8536253,0.0,0.0,0.0,0.3460171,0.0,9.47091,0.0,1
0.0,0.0,0.0,0.0,0.0,0.0,0.0,0.0,0.0,0.0,0.0,0.0,0.0,0.0,2.8444488,0.0,1
0.67491525,0.0,0.46137413,0.0,0.0,0.0,0.0,0.0,0.0,0.0,0.0,0.0,0.0,0.0,0.9484703,0.0,1
0.0,0.0,0.0,0.0,0.0,0.0,0.0,0.0,0.0,0.0,0.0,0.0,0.0,0.0,2.1124604,0.0,1
0.0,0.0,0.0,0.0,0.0,0.0,0.0,0.0,0.0,0.0,0.0,0.0,0.07780954,0.0,5.405736,0.0,1
1.2468828,0.0,1.7783201,0.0,0.0,0.0,0.1777414,0.0,0.0,0.0,0.0,0.0,0.25483105,0.0,1.5219964,0.0,1
8.620216,0.5295415,0.0,0.0,0.0,0.0,9.080283,0.0,2.733027,0.0,0.0,0.0,5.1747255,0.0,9.916076,0.0,1
0.0,0.0,0.0,0.21809815,0.0,0.0,0.0,0.0,0.0,0.0,0.0,0.0,0.0,0.0,2.3124962,0.0,1
0.0,0.0,0.0,0.0,0.15755536,0.0,0.0,0.0,0.0,0.0,0.0,0.0,0.0,0.0,0.6025248,0.0,1
6.7492485,0.0,0.0,0.0,0.0,0.0,2.0068383,0.0,23.583101,0.0,0.0,0.0,16.6928,0.0,13.901568,0.0,1
2.1907709,0.0,3.6977162,0.0,0.0,0.0,1.9052867,0.0,0.0,0.0,0.0,0.0,0.0,0.0,3.9790587,0.0,1
2.0146902,0.0,2.9808333,0.0,0.0,0.0,1.8070894,0.0,0.0,0.0,0.0,0.0,0.0,0.0,0.3751163,0.0,1
4.6318007,0.0,1.7512459,0.8034028,0.0,3.1656253,2.926269,0.0,0.0,0.0,0.0,0.0,0.0,0.0,0.298218,0.0,1
9.088465,0.0,0.0,0.0,0.0,0.0,9.049652,0.0,4.1648836,0.0,0.0,0.0,11.350922,0.0,7.6153884,0.0,1
4.866558,0.0,0.0,0.0,0.0,0.0,5.3000484,0.0,0.0,0.0,0.0,0.0,8.981736,0.0,7.1665583,0.0,1
4.814131,0.0,0.0,0.0,0.0,0.0,5.71987,0.0,2.0011532,0.0,0.0,0.0,5.8648367,0.0,9.811819,0.0,1
0.0,0.0,0.0,0.0,0.0,0.0,0.0,0.0,0.0,0.0,0.0,0.0,0.20310995,0.0,0.6582535,0.0,1
5.5029783,0.09162595,0.0,0.0,0.0,0.0,6.027052,0.0,2.3401847,0.0,0.0,0.0,0.0,0.0,8.359742,0.0,1
9.396842,0.0,0.0,0.0,0.0,0.0,8.500122,0.0,10.317658,0.0,0.0,0.0,13.711414,0.0,12.684327,0.0,1
0.0,0.0,0.0,0.0,0.0,0.0,0.0,0.0,0.0,0.0,0.0,0.0,1.2035239,0.0,4.8482924,0.0,1
0.0,0.0,0.0,0.0,0.0,0.0,0.0,0.0,0.0,0.0,0.0,0.0,4.0808573,0.0,3.876958,0.0,1
6.0256267,0.0,2.3924625,0.75341785,0.0,3.8094757,2.1196747,0.0,0.0,0.0,0.0,0.0,0.0,0.0,0.0,0.0,1
0.0,0.0,0.23196603,0.0,0.0,0.0,0.0,0.0,0.0,0.0,0.0,0.0,2.0542867,0.0,4.1374,0.0,1
1.5362612,0.0,0.2743288,0.14525066,0.0,0.0,0.8029337,0.0,0.0,0.0,0.0,0.0,0.0,0.0,0.61957854,0.0,1
4.2465067,0.0,1.1733942,0.0,0.0,2.1987813,2.3165927,0.0,0.0,0.0,0.0,0.0,0.0,0.0,0.0,0.0,1
3.8538845,0.0,0.0,0.0,0.0,0.0,2.2467618,0.0,3.7416706,1.7692959,0.0,0.0,4.4917703,0.0,6.814156,0.0,1
0.0,0.0,0.0,0.0,0.0,0.0,2.163587,0.0,0.0,1.9242307,0.0,0.0,2.6069796,0.0,3.7863927,0.0,1
7.3722286,0.0,0.0,0.0,0.0,0.0,3.5521536,0.0,11.010578,0.0,0.0,0.0,6.126414,0.0,11.314378,0.0,1
12.478405,0.0,0.0,0.0,0.0,0.0,2.5659833,0.0,20.361511,0.71356994,0.0,0.0,7.9644895,0.0,8.206347,0.0,1
2.2128046,0.0,0.14124466,0.14025353,0.0,0.0,1.7749156,0.0,0.0,0.0,0.0,0.0,0.0,0.0,0.585371,0.0,1
4.529229,0.0,0.0,1.2963227,0.07132762,0.0,2.045204,0.0,0.0,0.0,0.0,0.0,2.6967142,0.0,6.046864,0.0,1
2.0383518,0.0,0.0,0.0,0.0,0.0,1.0448462,0.0,5.326619,0.51149195,0.0,0.0,2.422168,0.0,11.631673,0.0,1
1.274314,0.0,1.1344659,0.0,0.0,0.0,1.77965,0.0,0.0,0.0,0.0,0.0,1.4635253,0.0,1.5223392,0.0,1
6.1396313,0.0,0.0,0.0,0.0,0.0,3.8644648,0.0,0.0,0.0,0.0,0.0,12.549897,0.0,8.3663435,0.0,1
3.5791724,0.0,1.3720568,0.0,0.0,0.30287284,1.6003214,0.0,0.0,0.0,0.0,0.0,0.0,0.0,1.5285256,0.0,1
1.2057587,0.0,0.0,1.1511279,0.0,0.0,0.43655857,0.0,0.0,0.0,0.0,0.0,1.7296846,0.0,2.6809177,0.0,1
0.0,0.0,0.0,0.0,0.0,0.0,0.0,0.0,0.0,0.0,0.0,0.0,0.0,0.0,10.058758,0.0,1
6.653688,0.0,0.0,0.0,0.0,0.0,6.02364,0.0,0.0,0.8404501,0.0,0.0,6.3246446,0.0,4.1417117,0.0,1
0.0,0.0,0.40791133,0.0,0.0,0.38949585,0.74276507,0.0,0.0,0.0,0.0,0.0,0.0,0.0,0.7445365,0.0,1
1.9291093,3.2899446,0.0,0.12853651,0.0,0.0,0.0,0.0,0.0,0.0,0.0,0.0,0.0,0.6369019,0.0,0.0,1
0.0,0.0,0.0,0.0,0.0,0.0,0.0,0.0,0.0,0.0,0.0,0.0,0.0,0.0,2.2838645,0.0,1
3.4811435,0.0,0.0,0.0,0.0,1.6348144,0.8604474,0.0,0.0,0.0,0.0,0.0,0.0,0.0,0.0,0.0,1
0.0,0.0,0.0,0.0,0.0,0.0,0.0,0.0,0.0,0.0,0.0,0.0,5.0231786,0.0,2.2549515,0.0,1
0.44653353,0.0,0.0,0.0,0.0,0.0,0.0,0.0,0.0,0.0,0.0,0.0,0.0,0.0,0.8596159,0.0,1
2.1169019,0.0,0.0,0.0,0.0,0.3436153,2.461429,0.0,0.0,0.0,0.0,0.0,0.0,0.0,0.0,0.0,1
2.789204,0.0,0.0,0.0,0.0,0.0,4.0416784,0.0,6.5378866,0.40205222,1.3984078,0.0,8.289326,2.042059,3.8272145,0.0,1
3.43183,0.0,1.3384223,0.8990357,0.0,0.0,1.294464,0.0,0.0,0.0,0.0,0.0,0.0,0.0,0.0,0.0,1
7.6701584,0.0,0.0,0.0,0.0,0.0,4.643843,0.0,8.740249,0.0,0.0,0.0,5.539699,0.0,10.903438,0.0,1
12.0422735,0.0,0.0,0.0,0.0,0.0,5.546041,0.0,15.91182,0.0,0.0,0.0,6.8755374,0.0,10.160245,0.0,1
3.0691273,0.0,0.0,0.0,0.29740208,0.0,2.0261352,0.0,0.0,0.0,0.0,0.0,0.0,0.0,3.4533396,0.0,1
8.124453,0.0,0.0,0.0,0.0,0.0,2.5820084,0.0,4.4881716,0.0,0.0,0.0,2.593344,0.0,7.1153502,0.0,1
1.9396733,0.0,0.0,0.0,0.0,0.0,0.0,0.0,1.9031391,2.9748423,0.0,0.0,5.651272,0.0,4.3897424,0.0,1
8.806442,0.0,0.0,0.0,0.0,0.0,0.5352713,0.0,25.838053,3.1473968,0.0,0.0,11.618821,0.0,15.411754,0.0,1
0.0,0.0,0.0,0.0,0.0,0.0,0.0,0.0,0.0,0.0,0.0,0.0,0.0,0.0,1.7600508,0.0,1
1.4354581,0.0,0.0,0.0,0.0,0.0,0.0,0.0,0.0,0.0,0.0,0.0,2.381871,0.0,7.5127487,0.0,1
3.5138946,0.0,1.7397357,0.0,0.0,0.0,2.6352634,0.0,0.0,0.0,0.0,0.0,1.4487734,0.0,3.4317403,0.0,1
2.2843614,0.0,0.0,0.0,0.0,0.0,0.5216348,0.0,0.0,0.0,0.0,0.0,0.0,0.0,0.39004368,0.0,1
5.199666,0.0,1.9853413,0.0,0.0,0.0,2.2498395,0.0,0.0,0.0,0.0,0.0,0.0,0.0,0.0,0.0,1
0.0,0.0,0.0,0.0,0.0,0.0,0.0,0.0,0.0,0.0,0.0,0.0,1.6520531,0.0,4.7936063,0.0,1
0.0,0.0,0.0,0.0,0.0,0.0,0.0,0.0,0.0,0.0,0.0,0.0,0.0,0.0,1.1600007,0.0,1
0.0,0.0,0.0,0.0,0.0,0.0,0.0,0.0,0.0,0.0,0.0,0.0,0.0,0.0,1.9521861,0.0,1
0.033858143,0.0,0.08393134,0.0,0.0,0.0,0.2546588,0.0,0.0,0.0,0.0,0.0,0.9808294,0.0,2.3641827,0.0,1
0.0,0.0,0.0,0.0,0.0,0.0,8.184121,0.0,6.098143,0.0,0.0,0.0,1.3731697,0.0,10.1388,1.4080484,1
6.0576835,0.0,0.0,0.0,0.0,0.0,1.0545722,0.0,1.1064405,1.7788318,0.0,0.0,2.6915429,0.0,3.6505322,0.0,1
0.0,0.0,0.0,0.0,0.0,0.0,0.0,0.0,0.0,0.0,0.0,0.0,3.6471493,0.0,4.794149,0.0,1
0.0,0.0,0.0,0.0,0.0,0.0,0.0,0.0,0.0,0.0,0.0,0.0,0.0,0.0,3.1478362,0.0,1
0.0,0.0,0.0,0.0,0.0,0.0,0.0,0.0,0.0,0.0,0.0,0.0,1.3783,0.0,4.895019,0.0,1
1.1382793,0.0,0.0,0.0,0.0,0.0,0.0,0.0,0.0,0.0,0.0,0.0,0.0,0.0,1.6176232,0.0,1
3.73252,0.0,0.0,0.0,0.0,0.063425004,2.3424864,0.0,0.0,0.0,0.0,0.0,0.0,0.0,0.0,0.0,1
5.7363014,0.0,0.0,0.0,0.0,0.0,5.8342695,0.0,7.6918526,0.031508937,0.0,0.0,1.7396457,0.0,7.665826,0.0,1
1.786226,0.0,1.0235223,0.0,0.0,0.0,0.3869863,0.0,0.0,0.0,0.0,0.0,0.0,0.0,0.03667719,0.0,1
0.0,0.0,0.0,0.0,0.0,0.0,0.0,0.0,0.0,0.0,0.0,0.0,2.1176255,0.0,3.8973048,0.0,1
4.5500193,0.0,0.0,0.0,0.0,0.0,2.3456988,0.0,0.0,0.0,0.0,0.0,0.0,0.0,7.5540442,0.0,1
0.57744676,0.0,0.0,0.0,0.0,0.0,2.626338,0.0,0.0,0.0,0.0,0.0,5.1869745,0.0,4.56183,0.0,1
0.0,0.0,0.0,0.0,0.7075797,0.0,0.0,0.0,0.0,0.0,0.0,0.0,0.0,0.0,0.0,0.0,1
0.7923625,0.0,0.0,0.0,0.0,0.0,0.0,0.0,0.0,0.0,0.0,0.0,0.0,0.0,1.6880529,0.0,1
0.7465244,0.0,0.0,0.0,0.0,0.0,0.0,0.0,0.0,0.0,0.0,0.0,0.0,0.0,0.0,0.0,1
0.6147006,0.0,0.0,0.0,0.0,0.0,0.0,0.0,0.0,0.0,0.0,0.0,0.0,0.0,1.759944,0.0,1
6.2313223,0.0,0.0,1.7002022,0.0,0.0,3.8785853,0.0,0.0,0.0,0.0,0.0,2.9905474,0.0,6.780214,0.0,1
3.5564547,0.0,1.87977,0.0,0.0,1.3968813,0.7596544,0.0,0.0,0.0,0.0,0.0,0.0,0.0,0.24878499,0.0,1
1.862315,0.0,0.0,0.0,0.0,0.0,0.8536335,0.0,0.0,0.0,0.0,0.0,0.0,0.0,7.254351,0.0,1
8.748633,0.0,0.0,0.34253892,0.0,0.0,7.7044706,0.0,5.9857883,3.3138914,0.0,0.0,11.758875,0.0,2.52746,0.0,1
0.0,0.0,0.0,0.0,0.0,0.0,0.0,0.0,0.0,0.0,0.0,0.0,0.0,0.0,0.18726903,0.0,1
2.8737,0.0,0.32393512,0.0,0.0,0.0,1.8316934,0.0,0.0,0.0,0.0,0.0,0.0,0.0,1.55782,0.0,1
7.8900557,0.0,0.0,0.0,0.0,0.0,4.8059993,0.0,7.5704775,0.0,0.0,0.0,4.4589224,0.0,8.484811,0.0,1
1.6699508,0.0,0.0,0.0,0.0,0.0,0.24490891,0.0,0.0,0.0,0.0,0.0,0.0,0.0,5.91022,0.0,1
0.0,0.0,0.0,0.0,0.0,0.0,0.0,0.0,0.0,0.0,0.0,0.0,0.42589685,0.0,3.5907555,0.0,1
4.019655,0.0,0.0,0.0,0.0,0.0,0.0,0.0,0.0,0.0,0.0,0.0,3.1466362,0.0,10.501782,0.0,1
0.0,0.0,0.0,0.0,0.0,0.0,0.0,0.0,0.0,0.0,0.0,0.0,0.0,0.0,2.1541798,0.0,1
1.4232296,0.0,0.0,0.0,0.0,0.0,0.0,0.0,3.4341176,4.7344747,0.0,0.0,1.2713947,0.0,0.6642439,0.0,1
9.409813,0.0,0.0,0.24101125,0.0,0.0,9.060363,0.0,0.0,0.0,0.0,0.0,7.4100056,0.0,6.117326,0.0,1
5.5775905,0.39652613,3.2717688,0.0,0.0,2.250549,2.495408,0.0,0.0,0.0,0.0,0.0,0.0,0.0,0.0,0.0,1
2.7967198,0.0,0.0,0.0,0.0,0.0,4.9746404,0.0,0.0,0.0,0.0,0.0,12.262825,0.0,7.9546547,0.0,1
0.0,0.0,0.29129562,0.0,0.0,0.0,0.13169776,0.0,0.0,0.0,0.0,0.0,0.0,0.0,1.288709,0.0,1
0.0,0.0,0.0,0.0,0.0,0.0,0.0,0.0,0.0,0.0,0.0,0.0,1.6322577,0.0,5.1120543,0.0,1
0.9786506,0.0,0.22923175,0.0,0.0,0.0,0.20147394,0.0,0.0,0.0,0.0,0.0,0.0,0.0,2.530867,0.0,1
0.0,0.0,0.0,0.0,0.0,0.0,0.0,0.0,0.0,1.0678403,0.0,0.0,2.9427574,0.0,0.0,0.0,1
3.0238898,0.0,1.4198934,0.5983851,0.0,1.9624977,1.0375978,0.0,0.0,0.0,0.0,0.0,0.0,0.0,0.0,0.0,1
1.7512101,0.0,0.0,0.29680714,0.0,0.0,1.4685546,0.0,0.0,0.0,0.0,0.0,5.062384,0.0,4.710625,0.0,1
1.0157965,0.0,0.0,0.0,0.21864371,0.0,0.0,0.0,0.0,0.5500758,0.0,0.0,0.5821181,0.0,0.0,0.0,1
2.9435508,0.0,0.0,0.0,0.0,0.0,3.0561414,0.0,4.3183336,0.0,0.0,0.0,4.1507835,0.0,14.000821,0.0,1
1.6771373,0.0,0.0,0.0,0.0,0.0,0.9230386,0.0,0.0,0.0,0.0,0.0,0.0,0.0,3.959909,0.0,1
0.0,0.0,0.0,0.0,0.0,0.0,0.0,0.0,0.0,0.0,0.0,0.0,0.07202479,0.0,2.68292,0.0,1
5.3683805,0.0,3.5703,0.71482897,0.0,1.8756983,3.3119056,0.0,0.0,0.0,0.0,0.0,0.0,0.0,1.5495467,0.0,1
3.0402267,0.0,1.0470651,0.7646407,0.0,4.0352015,1.977389,0.0,0.0,0.0,0.0,0.0,0.0,0.0,0.0,0.0,1
15.687905,0.0,0.0,0.0,0.0,0.0,3.1624236,0.0,15.495146,3.5254147,0.0,0.0,20.723927,0.0,7.4860196,0.0,1
4.752443,0.0,0.0,0.0,0.0,0.0,2.1557577,0.0,0.0,0.9408944,1.5815109,0.0,9.670726,0.0,1.8424511,0.0,1
0.0,0.0,0.0,0.0,0.0,0.0,0.0,0.0,0.0,0.5688099,0.0,0.0,0.6183192,0.0,0.0,0.0,1
4.6891003,0.0,0.0,0.3535336,0.0,0.0,4.298571,0.0,2.4955397,0.0,0.0,0.0,0.14721844,0.0,6.145413,0.0,1
0.58715135,0.0,0.0,0.0,0.0,0.0,6.9695716,0.0,7.2349987,0.9450806,0.0,0.0,7.216583,0.0,12.466436,0.0,1
1.4808936,0.0,0.0,0.0,0.0,0.0,0.0,0.0,0.0,0.0,0.0,0.0,0.0,0.0,0.15381753,0.0,1
7.1549463,0.11144545,1.6413054,0.6513771,0.0,3.724019,2.9813943,0.0,0.0,0.0,0.0,0.0,0.0,0.0,0.7040406,0.0,1
11.669142,0.0,0.0,0.0,0.0,0.0,6.388519,0.0,6.5837917,0.0,0.0,0.0,19.675583,0.0,9.878926,0.0,1
7.2995176,0.0,0.0,1.0678333,0.0,0.0,7.462366,0.0,0.0,0.0,0.0,0.0,5.3617516,0.0,10.201108,0.0,1
4.4018497,0.0,0.07615407,1.2667862,0.0,1.2448361,1.6949339,0.0,0.0,0.0,0.0,0.0,0.0,0.0,0.018546296,0.0,1
4.3395405,0.0,0.0,0.0,0.0,0.0,1.3927045,0.0,0.0,0.0,0.0,0.0,2.7906604,0.0,0.75624496,0.0,1
7.0522776,0.0,3.0223122,1.3580079,0.0,3.2512982,2.3283675,0.0,0.0,0.0,0.0,0.0,0.0,0.0,0.0,0.0,1
0.0,0.0,0.0,0.0,0.0,0.0,0.0,0.0,0.0,0.0,0.0,0.0,0.0,0.0,0.0,0.0,1
2.8830369,0.0,0.0,0.0,0.0,0.0,1.869831,0.0,1.1280768,3.0132918,0.0,0.0,5.4994426,0.0,2.522235,0.0,1
1.8088568,0.0,0.0,0.0,0.0,0.0,1.8161737,0.0,0.0,0.0,0.0,0.0,1.3100579,0.0,6.629776,0.0,1
1.9825791,0.0,0.0,0.0,0.0,0.0,1.226658,0.0,0.0,0.0,0.0,0.0,0.0,0.0,3.0391903,0.0,1
3.6628695,0.0,0.42806152,0.14277475,0.18253873,2.3458369,0.4510059,0.0,0.0,0.0,0.0,0.0,0.0,0.0,0.55347043,0.0,1
0.0,0.0,0.0,0.0,0.0,0.0,0.0,0.0,0.0,0.0,0.0,0.0,0.0,0.0,3.9534616,0.0,1
5.7345047,0.0,0.0,0.0,0.0,0.0,0.0,0.0,20.074863,4.854027,0.0,0.0,7.520446,0.0,6.812563,0.0,1
0.0,0.0,0.0,0.0,0.0,0.0,0.0,0.0,0.0,0.0,0.0,0.0,2.5775201,0.0,3.173858,0.0,1
0.0,0.0,0.0,1.6437887,0.0,0.0,0.0,0.0,0.0,0.0,0.0,0.0,7.999405,0.0,7.18012,0.0,1
4.9399953,0.0,0.0,0.0,0.0,0.0,1.1527492,0.0,0.0,0.105461195,0.0,0.0,6.578091,0.0,0.7072473,0.0,1
6.873862,1.7712711,4.4262295,0.0,0.0,2.6751232,3.410412,0.0,0.0,0.0,0.0,0.0,0.0,0.0,0.0,0.0,1
1.1515902,0.0,0.0,0.0,0.0,0.0,4.3086505,0.0,2.5256286,0.40262038,0.0,0.0,13.977476,0.0,11.804734,0.0,1
5.9765434,2.4539359,0.95862424,0.0,0.0,1.1014049,3.2657776,0.0,0.0,0.0,0.0,0.0,0.0,0.0,0.0,0.0,1
0.0,0.0,0.0,0.0,0.0,0.0,0.016848665,0.0,0.0,0.0,0.0,0.0,2.7248666,0.0,5.348901,0.0,1
3.5661368,0.0,1.9365423,0.0,0.0,0.0,2.4297292,0.0,0.0,0.0,0.0,0.0,0.87202114,0.0,5.2777214,0.0,1
9.016497,0.0,0.0,0.0,0.0,0.0,7.16431,0.0,3.728111,0.0,0.0,0.0,2.1056602,0.0,7.48728,0.0,1
0.6559194,0.0,0.0,0.0,0.0,0.0,0.0,0.0,0.0,0.0,0.0,0.0,0.0,0.0,4.247405,0.0,1
1.3139259,0.0,0.0,0.4925942,0.0,0.0,0.0,0.0,0.0,0.0,0.0,0.0,0.0,0.0,0.9249671,0.0,1
2.075216,0.0,0.0,0.0,0.0,0.0,2.3216329,0.0,0.0,0.0,0.0,0.0,3.6098216,0.0,7.408374,0.0,1
1.3411816,0.0,0.0,0.0,0.0,0.0,5.231706,0.0,0.0,0.0,0.0,0.0,15.141765,0.0,13.3835535,0.0,1
0.0,0.0,0.0,0.0,0.0,0.0,3.8331919,0.0,0.0,0.0,0.0,0.0,8.869714,0.0,9.657504,0.0,1
5.428274,0.0,0.0,1.3231633,0.0,0.0,4.5019026,0.0,0.0,0.0,0.0,0.0,2.8142965,0.0,8.838079,0.0,1
0.0,0.0,0.0,0.0,0.0,0.0,0.0,0.0,0.0,0.0,0.0,0.0,2.2097352,0.0,3.6533527,0.0,1
4.7768545,0.0,0.0,0.80856884,0.0,0.0,5.4745893,0.0,2.663569,3.1300068,0.0,0.0,8.154952,0.0,7.251448,0.0,1
0.0,2.1399813,0.0,0.0,0.0,0.0,0.0,0.0,0.13735078,0.0,0.0,0.0,4.457958,1.7572981,10.238184,3.1475208,1
1.9162208,0.0,0.0,0.0,0.0,0.0,0.0,0.0,2.5732577,0.0,0.0,0.0,6.316074,0.0,0.4502607,0.0,1
0.0,0.0,0.0,0.0,0.0,0.0,0.0,0.0,0.0,0.0,0.0,0.0,0.0,0.0,1.5824962,0.0,1
5.349601,0.0,0.0,0.0,0.0,0.0,5.2449837,0.0,5.1154428,0.0,0.0,0.0,0.44130442,0.0,10.875724,0.0,1
2.0188758,0.0,0.0,0.5212022,0.0,0.0,1.9389864,0.0,1.3146985,0.0,0.0,0.0,5.518137,0.0,10.158789,0.0,1
0.0,0.0,0.0,0.0,0.0,0.0,0.0,0.0,0.0,0.0,0.0,0.0,3.747146,0.0,3.7071574,0.0,1
3.6466193,0.0,0.0,0.0,0.0,0.0,2.0350418,0.0,0.0,0.0,0.0,0.0,3.7422574,0.0,3.22221,0.0,1
0.0,0.0,0.0,0.0,0.0,0.0,0.8947233,0.0,0.15753017,0.0,0.0,0.0,2.6549504,0.0,4.5526347,0.0,1
2.768455,0.0,0.0,0.55872995,0.0,0.0,1.1021005,0.0,0.0,0.0,0.0,0.0,0.0,0.0,0.744638,0.0,1
2.849673,0.0,0.0,0.0,0.0,0.0,3.7121472,0.0,0.92284524,0.20785947,0.0,0.0,1.3859332,0.0,4.261304,0.0,1
2.9968276,0.0,0.0,0.0,0.0,0.0,1.2073842,0.0,0.0,0.0,0.0,0.0,0.0,0.0,0.0,0.0,1
6.5496264,0.0,0.0,0.0,0.0,0.0,2.974822,0.0,0.0,0.0,0.0,0.0,0.0,0.0,1.9414496,0.0,1
0.0,0.56427443,2.1604896,0.0,0.0,0.0,0.0,0.0,0.0,0.0,0.0,0.0,0.0,0.0,3.1727486,0.0,1
0.0,0.0,0.0,0.0,0.0,0.0,0.0,0.0,1.4149797,1.9735923,0.0,0.0,5.1427274,0.0,0.7850264,0.0,1
7.497531,0.0,0.0,0.0,0.0,0.0,5.413506,0.0,0.15094326,0.4081661,0.0,0.0,15.165168,0.0,10.018201,0.0,1
1.6961833,0.0,0.0,0.0,0.0,0.0,0.0,0.0,3.1761537,3.741284,0.0,0.0,0.0,0.0,0.67932814,0.0,1
0.34525403,0.0,0.0,0.0,0.0,0.0,0.0,0.0,0.0,0.0,0.0,0.0,0.0,0.0,4.1761637,0.0,1
1.2158197,0.0,2.9477491,0.0,0.0,0.0,0.0,0.0,0.0,0.0,0.0,0.0,0.0,0.0,4.8697047,0.0,1
0.0,0.0,0.69645274,0.0,0.0,0.0,0.0,0.0,0.0,0.0,0.0,0.0,2.158098,0.0,1.4164083,0.0,1
4.197173,0.0,0.0,0.0,0.0,0.0,1.7166421,0.0,0.0,0.0,0.0,0.0,0.0,0.0,0.9253227,0.0,1
0.0,0.0,0.0,0.0,0.0,0.0,0.0,0.0,2.8299704,0.0,0.0,0.0,5.7109327,0.0,11.464435,0.0,1
1.0931398,0.0,0.8615933,0.0,0.0,0.0,0.6148472,0.0,0.0,0.0,0.0,0.0,0.0,0.0,1.5720179,0.0,1
4.7392974,0.0,0.97280157,0.35380897,0.0,0.26120257,1.7501812,0.0,0.0,0.0,0.0,0.0,0.0,0.0,1.0311289,0.0,1
1.9572772,0.0,0.0,0.0,0.0,0.0,0.0,0.0,45.15517,0.0,0.0,0.0,0.4685776,0.0,10.482692,0.0,1
0.0,0.0,0.0,0.0,0.0,0.0,0.0,0.0,41.466755,5.6922708,0.0,0.0,30.802395,19.3408,0.0,0.0,1
0.0,0.0,0.0,0.0,0.0,0.0,0.09772203,0.0,0.0,0.0,0.0,0.0,0.0,0.0,0.89075196,0.0,1
0.0,0.0,0.0,0.0,0.0,0.0,0.0,0.0,0.0,0.0,0.0,0.0,0.0,0.0,0.16706547,0.0,1
0.0,0.0,0.0,0.0,0.0,0.0,0.30303988,0.0,0.0,0.0,0.0,0.0,2.0770972,0.0,4.8900533,0.0,1
3.4230368,0.0,0.31723982,0.0,0.0,1.3960407,1.993049,0.0,0.0,0.0,0.0,0.0,0.0,0.0,0.0,0.0,1
12.255653,0.0,0.0,0.0,0.0,0.0,6.07823,0.0,0.32263276,0.0,0.0,0.0,20.567936,0.0,10.071515,0.0,1
0.62420803,0.0,0.0,0.0,0.0,0.0,0.0,0.0,0.0,0.0,0.0,0.0,0.0,0.0,2.830371,0.0,1
0.77012426,0.0,0.0,1.0538377,0.0,0.0,0.0,0.0,0.0,0.0,0.0,0.0,1.9111583,0.0,4.902315,0.0,1
4.74863,0.0,0.59329,0.556955,0.0,1.4814135,1.2555026,0.0,0.0,0.0,0.0,0.0,0.0,0.0,0.0,0.0,1
3.815058,0.0,1.716971,0.0,0.0,0.0,2.2806475,0.0,0.0,0.0,0.0,0.0,0.0,0.0,2.804861,0.0,1
0.0,0.0,0.0,0.0,0.0,0.0,0.0,0.0,0.0,0.0,0.0,0.0,0.0,0.0,3.015975,0.0,1
2.2678201,0.0,0.09290315,0.0,0.0,0.0,1.232772,0.0,0.0,0.0,0.0,0.0,0.0,0.0,0.0,0.0,1
0.0,0.0,0.0,0.0,0.0,0.0,0.0,0.0,0.0,0.0,0.0,0.0,0.0,0.0,1.0572076,0.0,1
3.8973615,0.0,2.4601533,0.7576033,0.0,2.9734287,1.7635316,0.0,0.0,0.0,0.0,0.0,0.0,0.0,0.0,0.0,1
6.80653,0.0,0.0,0.0,0.0,0.0,0.14083062,0.0,15.418746,0.0,0.0,0.0,6.820122,0.0,7.9166956,0.0,1
0.0,0.0,0.0,0.0,0.0,0.0,0.0,0.0,0.0,0.0,0.0,0.0,3.6089509,0.0,4.189917,0.0,1
4.455828,0.0,1.2031128,0.0,0.0,0.0,5.3979974,0.0,0.0,0.0,0.0,0.0,3.9842234,0.0,5.354954,0.0,1
4.6762137,0.0,0.0,0.0,0.0,0.0,0.0,0.0,0.0,0.0,0.0,0.0,1.2731001,0.0,8.987684,0.0,1
3.6026819,0.0,0.0,0.0,0.0,0.0,0.0,0.0,8.2480345,3.1647613,0.0,0.0,0.0,0.0,5.472252,0.0,1
13.476544,0.0,0.0,0.0,0.0,0.0,6.472015,0.0,12.141187,0.0,0.0,0.0,5.291067,0.0,13.5872345,0.0,1
0.60260516,0.0,0.0,0.0,0.0,0.0,0.0,0.0,0.0,0.0,0.0,0.0,1.0326052,0.0,2.047199,0.0,1
0.07655939,0.0,0.0,0.0,0.0,0.0,3.93079,0.0,1.9719381,0.0,0.0,0.0,0.9119392,0.0,2.3307257,3.4267035,1
1.9312581,0.0,0.0,0.0,0.0,1.517133,1.1346673,0.0,0.0,0.0,0.0,0.0,0.0,0.0,0.0,0.0,1
7.285141,0.0,0.0,0.0,0.0,0.0,3.9616342,0.0,12.194245,0.0,0.0,0.0,3.0964358,0.0,9.854547,0.0,1
10.373035,0.3595052,0.0,0.0,0.0,0.0,6.2574654,0.0,0.0,0.0,0.0,0.0,15.841001,0.0,11.62197,0.0,1
0.0,0.0,0.0,0.0,0.0,0.0,0.0,0.0,0.0,0.0,0.0,0.0,0.0,0.0,4.748014,0.0,1
0.0,0.0,0.0,0.0,0.0,0.0,0.0,0.0,0.0,0.0,0.0,0.0,0.0,0.0,5.8930554,0.0,1
5.4822764,0.0,0.0,0.41434726,0.0,0.0,3.8700905,0.0,0.3986049,0.0,0.0,0.0,0.0,0.0,5.6170087,0.0,1
4.2133064,0.0,0.0,0.0,0.0,0.0,2.7748184,0.0,4.6314983,1.343102,0.0,0.0,1.8686268,0.0,8.188989,0.0,1
13.055588,0.0,0.0,0.0,0.0,0.0,0.3369461,0.0,23.687798,0.0,0.0,0.0,17.705004,0.0,9.468639,0.0,1
11.091879,0.0,0.0,0.0,0.0,0.0,0.0,0.0,36.22908,0.0,0.0,0.0,4.677312,0.0,19.239176,0.0,1
0.0,0.0,0.0,0.0,0.0,0.0,0.41371688,0.0,0.0,0.0,0.0,0.0,3.8434021,0.0,21.148523,0.0,1
1.387303,0.0,0.0,0.0,0.0,0.0,0.56922203,0.0,0.0,0.0,0.0,0.0,0.0,0.0,0.0,0.0,1
1.8376764,0.0,1.0497675,0.0,0.0,2.6379592,1.1376748,0.0,0.0,0.0,0.0,0.0,0.0,0.0,0.0,0.0,1
5.2310214,0.0,2.536939,1.631517,0.0,4.0215645,2.138487,0.0,0.0,0.0,0.0,0.0,0.0,0.0,0.24237996,0.0,1
1.6474457,0.0,0.0,0.0,0.0,0.0,0.80785275,0.0,0.0,0.0,0.0,0.0,0.0,0.0,2.3961499,0.0,1
1.7563379,0.0,0.0,0.0,0.0,0.0,0.4585612,0.0,0.0,0.0,0.0,0.0,0.0,0.0,1.0816407,0.0,1
3.2623918,0.0,0.0,0.0,0.0,0.0,0.0,0.0,0.0,0.0,0.0,0.0,0.8656561,0.0,1.2279927,0.0,1
8.353272,0.39199427,0.0,0.0,0.0,0.0,10.359395,0.0,14.315032,2.767539,0.0,0.0,9.352313,0.0,12.668893,0.0,1
2.8554692,0.0,0.0,0.0,0.0,0.0,0.0,0.0,0.0,0.0,0.0,0.0,0.0,0.0,2.6302972,0.0,1
0.0,0.0,0.0,0.0,0.0,0.0,1.4043475,0.0,34.50949,0.0,0.0,0.0,12.4815855,0.0,8.464196,0.0,1
4.7193246,0.0,0.7795493,1.4108697,0.0,0.88835645,2.068945,0.0,0.0,0.0,0.0,0.0,0.0,0.0,1.4080607,0.0,1
0.12701318,0.0,0.0,0.0,0.0,0.0,0.034224372,0.0,0.0,0.0,0.0,0.0,0.0,0.0,0.6187196,0.0,1
2.2143118,0.0,0.0,0.0,0.0,1.2155427,2.662529,0.0,0.0,0.0,0.0,0.0,0.0,0.0,0.4799071,0.0,1
0.3474835,0.0,0.0,0.0,0.0,0.0,0.0,0.0,0.0,0.0,0.0,0.0,2.2974844,0.0,0.63543296,0.0,1
16.689627,0.0,0.0,0.0,0.0,0.0,10.652212,0.0,24.515654,0.0,0.0,0.0,19.084646,0.0,14.985433,0.0,1
0.0,0.0,0.0,0.0,0.0,0.0,0.0,0.0,0.0,0.0,0.0,0.0,0.0,0.0,2.8053854,0.0,1
0.0,0.0,0.0,0.0,0.0,0.0,0.4973198,0.0,0.0,0.0,0.0,0.0,1.8937528,0.0,4.1062284,0.0,1
0.0,0.0,0.0,0.0,0.0,0.0,0.0,0.0,0.0,0.0,0.0,0.0,0.58889025,0.0,6.3608594,0.0,1
2.3557618,0.6858301,0.0,0.0,0.0,0.0,6.331943,0.0,4.357437,11.384971,0.0,0.0,30.009806,0.0,7.1265836,0.0,1
6.912204,1.8264018,0.58509463,0.0,0.0,1.8721472,4.0015817,0.0,0.0,0.0,0.0,0.0,0.0,0.0,0.0,0.0,1
5.354894,0.0,0.0,0.34947452,0.0,0.0,3.406867,0.0,0.0,0.0,0.0,0.0,3.4498112,0.0,8.837991,0.0,1
2.572008,0.0,0.0,0.0,0.0,0.0,0.0,0.0,0.0,0.0,0.0,0.0,0.0,0.0,3.1031723,0.0,1
11.2710085,0.0,0.0,0.0,0.0,0.0,6.1212215,0.0,18.643831,2.610673,0.0,0.0,4.4872236,0.0,10.847299,0.0,1
5.774584,0.0,0.0,0.0,0.0,0.0,4.012083,0.0,0.0,0.0,0.0,0.0,2.647073,0.0,9.236353,0.0,1
4.33744,0.0,0.0,0.0,0.0,0.0,5.2179008,0.0,1.8953211,0.0,0.0,0.0,1.9735548,0.0,6.4082413,0.0,1
0.0,0.0,0.0,0.0,0.0,0.0,4.3331,0.0,17.171827,0.0,0.0,0.0,22.083439,0.0,24.63183,0.0,1
10.838293,0.0,0.0,0.0,0.0,0.0,6.216377,0.0,3.4190292,0.0,0.0,0.0,12.109578,0.0,13.723493,0.0,1
0.0,0.0,0.0,0.0,0.0,0.0,0.0785378,0.0,0.0,0.0,0.0,0.0,0.5192277,0.0,2.247263,0.0,1
10.112223,0.0,0.0,0.0,0.0,0.0,0.0,0.0,41.806217,0.0,0.0,0.0,16.459908,0.0,10.11012,0.0,1
4.3358936,1.5528288,0.0,0.0,0.0,0.0,0.0,0.0,6.053122,3.5212927,0.0,0.0,0.0,0.0,1.2812047,0.0,1
0.0,0.0,0.0,0.7084216,0.0,0.0,0.0,0.0,0.0,0.22489591,0.0,0.0,1.6876137,0.0,1.8359977,0.0,1
0.08743366,0.0,0.0,0.7150333,0.0,0.0,0.09976349,0.0,0.0,0.0,0.0,0.0,1.6277792,0.0,4.3895426,0.0,1
0.0,0.0,0.0,0.0,0.0,0.0,0.0,0.0,0.0,0.0,0.0,0.0,0.0,0.0,3.7900252,0.0,1
1.0691547,0.0,0.0,0.0,0.0,0.0,0.33655158,0.0,0.0,0.0,0.0,0.0,0.0,0.0,0.0,0.0,1
0.0,0.0,0.0,0.0,0.0,0.0,0.0,0.0,0.0,0.0,0.0,0.0,0.0,0.0,0.0,0.0,1
13.551237,0.0,0.0,0.0,0.0,0.0,1.7653815,0.0,38.636288,0.0,0.0,0.0,12.15514,0.0,10.327932,0.0,1
1.1068678,0.0,0.0,0.0,0.09518214,0.0,0.6401038,0.0,0.0,0.23479821,0.0,0.0,0.9474679,0.0,0.0,0.0,1
0.0,0.0,0.0,0.0,0.0,0.0,0.0,0.0,11.493761,1.2699082,0.0,0.0,8.310148,0.0,15.349244,0.0,1
2.193395,0.0,0.0,0.0,0.0,0.0,1.7021908,0.0,0.0,0.0,0.0,0.0,0.0,0.0,0.52759165,0.0,1
0.0,0.0,0.0,0.0,0.0,0.0,0.0,0.0,0.0,0.0,0.0,0.0,0.0,0.0,5.214779,0.0,1
6.48265,0.0,0.0,0.0,0.0,0.0,2.590942,0.0,0.0,0.0,0.0,0.0,0.3570132,0.0,3.7427275,0.0,1
0.0,0.0,0.0,0.0,0.0,0.0,0.51734185,0.0,0.0,0.0,0.0,0.0,0.0,0.0,2.6656766,0.0,1
2.645583,0.0,0.0,0.0,0.0,0.0,2.0245056,0.0,0.0,0.0,0.0,0.0,0.0,0.0,6.688487,0.0,1
4.981423,0.009683628,1.6848412,0.20227729,0.0,1.4174895,1.188889,0.0,0.0,0.0,0.0,0.0,0.0,0.0,0.0,0.0,1
5.992338,0.0,2.6117294,0.8857777,0.0,1.7126892,2.4710522,0.0,0.0,0.0,0.0,0.0,0.0,0.0,0.0,0.0,1
1.4012874,0.0,0.0,0.0,0.0,0.0,0.0,0.0,0.0,0.0,0.0,0.0,1.6225369,0.0,2.8584883,0.0,1
5.8825417,0.0,0.0,0.0,0.0,0.0,6.115899,0.0,3.3437655,0.0,0.0,0.0,0.045582023,0.0,7.4904246,0.0,1
0.0,0.0,0.0,0.0,0.0,0.0,0.0,0.0,0.0,0.0,0.0,0.0,0.0,0.0,0.0,0.0,1
1.1670841,0.0,0.3783581,0.0,0.0,0.0,0.3545067,0.0,0.0,0.0,0.0,0.0,0.0,0.0,1.4572681,0.0,1
0.0,0.0,0.0,0.0,0.0,0.0,3.1573632,0.0,17.668373,1.4749587,0.0,0.0,7.8461423,0.0,1.2147365,0.0,1
1.8106221,0.0,0.0,0.0,0.0,0.0,2.3611145,0.0,0.0,0.0,0.0,0.0,2.5530026,0.0,6.799146,0.0,1
7.5473795,0.0,0.0,0.0,0.0,0.0,0.6425059,0.0,8.14187,4.647441,0.0,0.0,6.8444834,0.0,3.527792,0.0,1
8.446845,0.0,0.0,1.130814,0.0,0.0,6.3469768,0.0,7.8811913,1.9990722,0.0,0.0,5.4532013,0.0,10.673448,0.0,1
5.2585006,0.0,0.0,0.0,0.0,0.0,0.0,0.0,4.4423976,1.484387,0.0,0.0,2.2882035,0.0,2.8770905,0.0,1
15.325302,0.0,0.0,0.0,0.0,0.0,3.337646,0.0,40.113873,0.0,0.0,0.0,23.762407,0.0,11.177638,0.0,1
